Player
1 
20 
20 
10 
15 
10 
15 
4 
0 
304 
0 
21 
220 
0 
221 
0 
206 
0 
210 
0 
0 
0 
0 
0 
0 
0 
0 
51 
50 
0 
0 
0 
0 
0 
37 
0 
0 
0 
1 
0 
0 
0 
0 
2 
0 
1 
0 
0 
0 
0 
0 
0 
59 
5 
2060 
0 
1 
0 
0 
1 
1 
1 
1 
4 
1 
2 
0 
0 
0 
1 
1 
1 
6 
0 
5 
1 
-1 
0 
0 
0 
3 
0 
0 
3 
0 
1 
0 
1 
5 
126 
0 
1 
1 
-1 
0 
1 
0 
1 
0 
4 
0 
0 
0 
1 
12 
0 
12 
0 
8 
2 
0 
1 
0 
0 
0 
1 
0 
4 
2 
2 
1 
0 
3 
0 
0 
3 
0 
1 
5 
1 
0 
1 
0 
0 
0 
1 
1 
1 
0 
1 
1 
0 
0 
1 
1 
0 
0 
0 
0 
0 
0 
0 
0 
0 
0 
0 
0 
0 
0 
1 
1 
0 
1 
1 
1 
0 
0 
1 
1 
1 
0 
0 
1 
1 
1 
1 
0 
1 
1 
1 
0 
0 
1 
1 
1 
0 
0 
0 
0 
0 
0 
0 
0 
0 
0 
0 
0 
0 
0 
0 
0 
0 
0 
0 
0 
0 
0 
0 
0 
0 
0 
0 
0 
0 
0 
0 
0 
0 
0 
0 
0 
0 
0 
0 
0 
0 
0 
0 
0 
205 
0 
0 
0 
0 
0 
0 
0 
0 
0 
0 
0 
0 
0 
0 
0 
0 
0 
0 
0 
0 
0 
0 
0 
0 
0 
0 
0 
0 
0 
0 
0 
0 
0 
0 
0 
0 
0 
0 
0 
0 
0 
0 
0 
0 
0 
0 
0 
0 
0 
1 
0 
0 
0 
1 
0 
0 
0 
0 
0 
1 
0 
0 
0 
0 
0 
0 
0 
0 
0 
1 
0 
0 
0 
0 
2 
0 
1 
0 
0 
1 
0 
0 
1 
0 
0 
0 
0 
0 
1 
0 
0 
0 
0 
0 
0 
0 
0 
0 
0 
3 
16 
13 
31 
14 
25 
15 
12 
47 
46 
999 
0 
0 
0 
0 
0 
0 
0 
0 
0 
0 
0 
0 
0 
0 
0 
0 
0 
0 
0 
0 
0 
0 
0 
0 
0 
0 
0 
0 
0 
0 
0 
0 
0 
0 
0 
0 
0 
0 
0 
0 
1500 
1 
0 
2 
2 
1 
4 
3 
0 
0 
0 
0 
0 
0 
0 
0 
0 
0 
26 
2 
1 
0 
1 
1 
1 
0 
0 
60 
2 
0 
0 
10 
0 
0 
2 
1 
0 
0 
5 
0 
1 
0 
0 
0 
6 
6 
0 
5 
1 
1 
1 
0 
0 
0 
0 
0 
0 
4 
1 
0 
0 
0 
2 
1 
1 
1 
1 
1 
0 
0 
0 
0 
0 
0 
0 
1 
0 
0 
0 
0 
1 
1 
0 
0 
0 
0 
0 
0 
0 
2 
0 
0 
0 
0 
0 
0 
0 
0 
0 
17 
0 
1 
1 
1 
2 
1 
0 
1 
3 
5 
0 
0 
0 
0 
1 
0 
0 
0 
0 
0 
0 
0 
0 
0 
0 
0 
0 
0 
0 
0 
0 
0 
0 
0 
0 
0 
0 
0 
0 
0 
0 
1 
0 
0 
0 
5 
0 
0 
0 
0 
0 
0 
0 
0 
0 
0 
0 
0 
0 
0 
0 
208 
1 
1 
1 
337 
319 
592518 